polygon_points = [(43.24184301098239, -0.03985558918725263),(43.24236968149143, -0.03969046267809829),(43.242678529363516, -0.040904365664313894),(43.242194125160964, -0.04116767550323567)]
red_zone_points = [(43.209472, -0.061250),(43.216675, -0.056886),(43.215200, -0.051136),(43.203322, -0.057242),(43.203625, -0.060708)]

reduction_percentage = 20
expansion_percentage = 20
    
